2018,Spring,Graduate,ENGL,235,HUANG_YU,A,7
