2020,Summer,Graduate,ED,264,HARVEY_V_A,A,20
